00000000000000000000000000000000000000007
00005555000000000000000000000000000000007
00005555000000000055555000000000000000007
00999999000000000990000000000000000000007
00000000000000999000000000000000000000117
99900000666009900000000000000000050000777
00000000000000000000006666990000000500777
00000000000000000000000000006666000550777
38300000000555500000000000000555500000777
11100000066600000000000000000000000000777
77166600000066600006660001111100001111777
77700005555555550000000900777006600777777
77700005050505050000099900777000000777777
77790091111111111111111111777000000000777
77760000777777777777777777777000000000777
77706000000777777777777777777066660000777
77700600005555550077777777777055000000777
77700000000000000000000007777000000666777
77700006005555555555550007777000000000777
77700006660000000000000007777000000000777
77700000000066555555550557777066660000777
77700000000000666600066667777050505050777
77700000111005550000000007777999999999777
77700009171005550099000007777555555555777
77711999171111999111111117777111109991777
77111001111111111777777777777777110111777